0 0.25644296407699585 525 231 541 186
0 0.25796952843666077 264 225 282 182
2 0.3351530134677887 306 196 337 179
0 0.4212067425251007 282 215 295 184
5 0.44563499093055725 217 195 263 169
0 0.45944344997406006 550 233 567 187
0 0.49925974011421204 499 224 516 180
0 0.5414552092552185 246 227 264 181
7 0.56429523229599 77 252 186 154
5 0.5669854879379272 588 209 672 149
0 0.5752373933792114 511 231 527 193
5 0.5935003757476807 403 200 482 165
0 0.6222758889198303 480 225 498 180
0 0.8038489818572998 622 280 650 200
