2 1.0620999214396916 564.4675781072845 484.1847080874796 20.736375701656158 29.91792756837517
2 1.0135070789604108 617.1079511671485 824.938303471153 18.045234016342953 27.727233042301837
2 1.0080520841800973 633.8788829768125 878.9127351596983 16.349094343905406 23.006729808542257
2 0.9812542655181306 608.6901538852592 754.5585954342507 15.22767881942208 25.922029966376616
2 0.9972691844482877 628.1330878280963 712.4459978611891 15.391333040316432 28.624277800066253
2 0.9494521195407468 574.2303052278288 678.6740010662604 14.907328780906845 26.04847129639582
2 0.9373672599257816 532.4180832474187 660.9551163939891 7.440334709841794 6.650404099896413
2 0.6418917310691594 651.7350699069411 535.7044752015396 5.801126169629273 8.773571193241725
2 0.5719841132100314 662.1003476801227 544.662093998031 5.415203596915164 8.835288355471121
2 1.0553939060649364 596.452096106524 438.67123101720364 15.721353953146634 25.559316669609327
2 1.0695525287124168 621.3667792250748 478.3667348645407 12.797628209713842 14.833231799533525
2 1.0004059033969905 591.0123861226721 376.14061236064725 16.088309555527594 31.515330916096346
2 1.0283611498740381 610.0552825041567 381.5659073432456 13.743201145200237 25.247130946565683
