2 1.0700064234703925 528.7719107011488 495.63825468056535 19.91504791787716 35.946189969408955
2 1.0531037855598253 588.5938095475797 710.3608507834219 24.530156941856802 70.27433441569345
2 1.0427191050537785 587.7698526009304 569.594472631829 23.512004242211805 99.97220053531409
2 0.8907483556248003 432.32879054967805 489.0841078461624 30.303532127151495 42.289378272648
2 0.720111678848408 553.5178240692384 554.1836273276817 8.836953075335298 6.024370932699083
2 0.6478378366651623 612.4417487436463 528.5201547731634 5.2959301881374685 8.224323368772502
2 1.0109738025337405 612.7428442681278 486.81240140362314 7.634920397798419 6.200649340177179
2 1.01938035411424 614.8885151281104 496.1806745280913 7.715550384193834 6.329759917559457
2 0.9537065384169054 622.626393319339 492.13511041552965 6.648311860467979 4.137719698664085
2 0.972931234056226 618.2399910381981 482.0936403203024 6.2225822251249525 4.993140794638722
2 0.6701124487389284 559.4400809783834 488.72300295483825 13.772454226770936 7.790041081101215
2 0.5858870610550156 558.6940291905344 502.48918237431445 9.862718217785833 7.565049041929064
2 1.0734856402017723 624.8648142423408 493.0853566434174 6.3553112933355935 6.709095853509574
2 1.045055212910015 633.6719383881808 486.95208572280285 6.875024138323644 7.359845776961333
2 0.9817309932360605 496.9471758076173 243.90825093522588 19.367840621012206 62.64713033297464
