2 1.0163302567375883 397.706408004062 365.0566792302215 15.698177766406284 18.167348044357563
2 1.0796398146534212 495.2987975021956 997.5736583860377 18.88944428964482 23.38154712373898
2 1.0504191857010259 528.4361126562814 895.3478845148784 17.30290707816784 29.253606592948877
2 1.0229872092047156 559.9360209337926 783.2575236123884 20.536960873642606 30.38964413657265
2 1.016482030941628 538.5263255567585 1029.4936210531116 17.484755223354824 26.08837054746282
2 0.973703097020175 581.8862834698602 702.5969643906661 19.319783661823283 35.87413605479358
2 0.944279950638723 463.24617528378343 1084.732165721887 20.008351083659747 33.62108382081529
2 0.9459686970614767 599.3537130389781 556.8789172367979 16.90858206958548 31.200389888502258
2 0.9351970903247929 606.8397531729305 495.854790523547 17.80043318309707 26.421611428884606
2 0.9346471005595497 608.7134119253514 446.7101795892248 20.551599944504634 30.009424845173832
2 0.8224969825978884 539.1682515000572 401.9933747588827 14.667770048889105 36.321310843083104
2 0.7683273276887093 587.7517880624986 370.84463533490486 21.61588388473116 22.138940329312348
2 0.7928753470513971 483.08170587108367 379.1093934246354 15.495924649253848 35.00676940981438
2 0.671477753523035 537.614430466463 750.9755584842137 12.127788300637883 19.159616362923106
