1 0.99747473 569.6027660720605 505.91471624929864 17.24594609949179 36.7928558580013
1 0.9971781 536.5478120280984 307.8828956145641 19.38390226531942 25.65547966838153
1 0.9958688 543.9968222586172 395.30535940597747 19.002918944959447 26.1454406856775
1 0.9932765 535.461185275575 238.56874160744292 20.231685328193066 25.195139462925738
1 0.99296606 548.502387332409 475.5676758737601 15 29.14676668044183
1 0.98718655 550.08750766223 515.0650910105119 15 28.91689142636244
1 0.98290193 547.5752396048211 557.4425934818303 15 26.49465905617501
1 0.9803423 549.3050818858272 603.9275753772461 20 100.77541371555958
1 0.95793676 572.7734850429318 646.6318192432279 20 61.880910665723604
1 0.9539702 591.502148882556 504.4099223980561 12.839093847306685 24.68724171752831
1 0.8961137 613.5431376992731 320.1459207062844 17.398636192901904 32.18192640784838
