1 0.9955557 568.6943687420425 517.5302504844271 15.866564531610493 27.725900279271684
1 0.99190396 543.6395123632599 448.9973725178511 16.765042327263473 26.851673363696477
1 0.9896375 552.1209744572404 658.8596528516189 20.941340089545406 68.1459995459254
1 0.98884004 565.5984707417097 729.1808239730213 21.613115218401276 51.79298255532683
1 0.9805592 548.9193294734886 495.99906481127596 15 29.2100278278499
1 0.97901136 588.1115755819802 501.4059037487691 15 24.31294155834769
1 0.9684884 567.8429241883201 491.8675695536913 15 24.02159700492905
1 0.9155894 559.9946127579208 447.94515794674 15.231339074004381 23.691274602690157
1 0.91419715 539.0939480885069 401.68262556464265 15 30.30756289028676
1 0.8447958 544.8161347951038 338.83677345807325 21.046462478417425 28.432143613366293
1 0.8377923 530.3804637423192 358.205942562792 16.915180500269116 28.64723832753498
1 0.77626145 613.2408358961927 715.650874511426 25.557930691748766 90.28677753126897
