1 1.0256064063236967 568.9288359903733 507.3593079493084 16.636017613535657 37.37047090982917
1 1.0247695310324292 535.1192740265841 309.85742502464603 17.99467508314736 25.308159942204586
1 1.0235007025585299 543.8829402440672 395.78304041468954 18.5649914545643 27.485838217007647
1 1.0193459235781046 535.0366908306793 238.08899207737767 20.99578675659661 27.06693322870483
1 1.0800672882002151 550.3928160795265 475.5721416140322 14.928622567832203 30.762363175742735
1 1.0262398821327785 550.7395212903004 515.9531612669776 16.70944227007845 29.864138081814687
1 1.0252931294544516 548.3019293811451 558.8962557658366 14.91937727382136 25.659347358490344
1 1.0593103205842276 550.6494954685978 602.5013208419331 19.717828579510897 100.04385584138736
1 1.052330754757468 574.7723686343801 646.3307692663261 19.406268871997373 62.83918000525214
1 0.9566638458021166 591.4516396082582 502.63630158849827 14.490374873752675 26.526204430517577
1 0.9408100178009472 614.9302741626768 322.0930421876426 16.244109473077508 32.429431557309115
