1 1.0938768780735515 566.863224022773 516.6705789678437 16.296404292250916 26.231288311780705
1 1.0130133599401598 543.2546468673328 448.6101905682599 16.018524461793124 26.7138577660343
1 1.0690750551239419 550.1418834246672 657.9916342800411 21.835724749269048 68.77117658333063
1 1.0182392508679983 566.6391278225855 727.5610143986102 20.631941923002433 51.98313332899439
1 1.0454231465937673 550.7244694543461 497.2222414590286 13.067483436179733 29.81235115827936
1 0.9860022865959124 589.0032434941669 502.86719594504535 15.747041739094271 24.619813722911076
1 1.0379996633594972 568.4581072295243 490.60096164478773 14.168610242101934 25.156199040737597
1 0.9488302107860382 558.9176183539988 448.21228830684095 15.353698333972222 22.81002860352366
1 0.9234092620229559 539.4398530104472 401.38873591036196 15.70317875011732 30.76671919763692
1 0.9054284172705449 546.0532392273313 338.22251253524684 19.235508654789083 27.214145242865303
1 0.9019370001496452 530.5747069944097 359.24682633061394 17.15325825144724 27.001401348984214
1 0.8355447569476373 613.0975100053803 715.495003717118 24.348725432934668 91.59846983064867
