2 0.99423814 423.5087005351498 330.20570167332625 17.50351110414607 24.091946625887374
2 0.991589 551.2298825874983 693.5727042958957 22.532451923580084 66.83612335147563
2 0.99090147 549.802613339858 592.4098998331422 16.64688326471901 32.601219164761574
2 0.99015725 483.41501058192057 430.1581125784662 17.773472434955124 28.095476794856665
2 0.98898846 421.63497669972134 361.56801581336 26.869179366652645 29.869543331224975
2 0.9839008 530.9098475066081 500.8400143303967 16.669013742261313 24.64475023034447
2 0.9770797 500.98800966496145 478.52518232229613 17.531192767051778 24.166195888893753
2 0.96736455 447.81731996921917 414.43147810102835 15.964151206672227 26.70140528142082
2 0.9636252 528.433353241481 561.4018650583317 15 28.00418517931172
2 0.9614993 591.2277849183298 821.1980899260806 18.924082343479654 36.40323584224586
2 0.9542857 532.923213543841 688.6009180016667 15 33.532303863756624
2 0.92995447 612.7139449881897 707.9344026400505 18.799134856055616 28.671738352347575
2 0.88923204 650.195742977348 428.1343442731923 21.759487734235336 29.28089938387808
2 0.8345594 644.4619009364736 565.712917025253 19.531612456908647 31.154246144896888
2 0.783402 601.6028292014183 409.7070091440051 25.709175893900124 35.071946297882334
2 0.77594894 584.5539936962723 450.9865427454013 15.641096409543252 31.08275050867394
2 0.7334203 696.8104409327057 472.8741724202938 19.231352939533508 31.588518216986074
2 0.7171928 524.2097862726808 747.1062670872187 18.203520121305132 48.95076069927745
2 0.6598302 754.746092447456 401.1380468891593 30.418703557947197 40.64050421108823
2 0.61338735 618.1607295302699 448.33012359329496 19.383783286417042 35
2 0.5944521 363.92592099894773 289.98877025328727 16.082072465060264 23.305414295460025
