2 0.99035317 541.0813680395502 536.081525447643 13.910517522709029 26.83525026761714
2 0.98781395 525.0361982912858 450.1172357361165 20.657362903273224 40.254338198886785
2 0.9761227 546.1313055171264 459.88132591955974 16.31048692372576 25.787827866680516
2 0.9735407 516.3089786014222 357.0811224384708 20.077092618995493 22.591170870898168
2 0.96440667 585.5329980589828 352.70796656418725 23.778168479349233 28.56070041528632
2 0.9621835 568.2988720279659 266.2998748194817 25.006096025676015 30.01734045936655
2 0.94998664 508.7108592997357 319.8354693471264 16.032097739643632 20.345967439937397
2 0.91271436 518.3073943294191 429.02481665447186 18.334329918263848 20.135872803520726
2 0.874792 520.0998292870643 397.23607559760615 16.509468024484136 23.36668400050553
2 0.8484331 515.6367331332937 168.4670198654913 21.79186219634903 35
2 0.7407746 538.7988262208377 389.1058650227677 26.330025056992667 56.32996362700379
