2 0.9606643 620.6933978931512 582.9925378356492 18.924082343479654 36.40323584224586
2 0.96058947 533.910013108634 672.0840519110775 15 33.532303863756624
2 0.9581269 640.0846497044439 466.15098726045227 22.333483539337067 28.67173835234763
2 0.95523804 683.4043933002205 326.03307002716195 22.633192108487265 24.8062089921346
2 0.92064893 696.0353475376131 368.51556347695316 29.554079472715557 24.940016806558845
2 0.8993308 624.9610234198797 333.8539020671502 15 27.38562524082323
2 0.8667961 589.6714248881658 350.0317881712508 15.641096409543252 37.513528673460485
2 0.85678196 763.7643871979324 288.97328931163463 20.682506376190418 35
2 0.9949189 485.3493185856761 342.9388971032869 14.869540394328851 23.266896396743164
2 0.9929669 551.8882629221337 673.8919121006891 22.532451923580084 66.83612335147563
2 0.9868854 548.2607390198687 583.9295910732012 16.64688326471901 32.601219164761574
2 0.98100936 528.4897238688242 442.1788311956294 17.773472434955124 28.095476794856665
2 0.9779207 484.964176512974 371.4393623364171 22.419550696859915 29.869543331224975
2 0.9756504 545.467655828196 510.9132786075643 16.669013742261313 27.225056470342565
2 0.973684 517.3307050542234 480.629510558238 20.6523337786482 21.143576807961722
2 0.9618578 493.4754663879162 409.9067117088931 15.964151206672227 26.70140528142082
