2 0.9882583 396.8101805796914 363.3186964556721 16.036550398956138 19.40505783712615
2 0.9843842 494.8726880957794 996.6137496327709 18.36345527504318 25.059716372001617
2 0.9807567 528.3437342716766 894.6954436210789 17.653798704923474 29.844401181296348
2 0.9579162 558.2060988925572 785.0013816998435 20.75712035260176 31.45409921019251
2 0.9503046 538.3280034810487 1029.7337776800628 17.21966102314434 26.719657309055606
2 0.9198568 580.6848668168648 700.9762286691082 19.952750957814715 34.09930256711709
2 0.9044284 461.3655767944374 1085.540226486266 20.160096347358945 33.26580612281333
2 0.89678293 599.1398494708247 556.4333229806675 18.421951199243836 29.46254358456906
2 0.8716677 608.3288919177066 496.2061043537592 18.296601307153992 25.796961521072603
2 0.843131 609.1876023828362 446.366166149786 19.25780396426194 28.580039718822945
2 0.7948572 538.038255465497 402.1179448797938 14.818608047880389 36.15744023942625
2 0.7573948 586.2461430702724 372.5039211041301 19.787223891355666 21.852332449079938
2 0.75355965 483.1942698518633 379.4372987946156 15.862800850644135 36.99023008364975
2 0.6047322 537.5220312884805 749.0630761896211 11.79615706588936 20.290105972763058
