2 0.9908578 528.6569943617346 497.2718621496332 21.791841345351145 37.30973525590184
2 0.95717424 588.2190411670207 709.5074166714808 25.458252851142333 71.77780355469497
2 0.9517826 589.2996598204699 571.4674357069945 25.403856677228646 101.1948482790101
2 0.87505263 431.7388697513168 488.8132520211099 28.48937718101712 40.29374373650734
2 0.6649703 551.7762341475617 554.6000187151127 7.24487588102636 6.488134482460396
2 0.56847566 611.8894981198227 530.0847848948672 5.850698039719987 6.653549788913892
2 0.9908578 611.1767005865112 486.2937428399502 6.921598078463035 6.233793932924243
2 0.95717424 614.7719332479346 494.70744385546044 5.9390207276933324 6.921598078462921
2 0.9517826 620.7109076641481 491.5249562090101 4.946397881434905 5.924218399953759
2 0.87505263 619.7055473336507 482.18481767806264 7.413992737624767 5.715707693427589
2 0.6649703 558.233674028266 488.30993589224886 12.039389951305111 7.667058592574506
2 0.56847566 559.372553725183 502.65230360162394 8.76916427179708 8.05093554403959
2 0.9908578 626.8328390391029 491.75478137186997 7.144911112728664 8.127488463498253
2 0.95717424 633.4429048533705 486.03796769466527 6.073008548252915 7.055585899022333
2 0.9517826 497.4658619967461 245.38052269702206 19.999999999999886 64.38404426694183
